100
446 357 2608
240 164 414
599 365 6576
833 224 7554
420 726 601
944 129 3118
699 504 9885
711 99 5650
546 452 8597
347 8 1626
762 8 2831
635 442 7015
960 311 5863
530 113 2972
983 292 7043
510 594 1214
44 853 2615
161 163 1754
492 853 1442
400 944 8772
231 834 7578
254 700 9591
1010 958 846
824 880 2401
454 137 5740
755 599 6388
19 88 9105
622 501 5823
210 730 4872
524 488 6036
607 621 2925
294 686 9030
282 393 1483
826 301 7301
898 1020 6238
558 695 5009
244 483 3426
247 164 5430
536 580 605
606 680 6240
943 36 3991
384 70 2952
29 33 5950
169 306 7605
941 727 6152
972 59 2359
669 708 4129
28 569 7157
822 479 5425
245 444 1986
133 955 1254
388 196 897
633 286 729
179 626 417
479 767 2562
651 506 8511
599 754 9750
889 109 102
220 706 2737
61 420 8451
72 445 5899
488 575 5238
490 450 1510
795 944 2062
133 374 2846
620 668 9221
885 100 5137
601 868 780
808 585 5416
891 324 3253
964 143 9827
562 52 2273
531 152 5555
200 987 7436
746 995 8727
52 597 8672
942 443 6184
440 262 937
867 458 4688
920 266 8774
784 282 6660
471 636 9922
653 35 5700
640 377 4122
196 790 4666
906 815 3065
490 395 1340
561 963 401
585 898 5883
799 611 6741
742 824 9561
407 352 1374
403 587 8089
556 518 397
57 897 8133
999 227 2594
581 533 3609
78 818 603
80 217 6119
49 644 4363
